1362119606 0
1362120479 642
1362162394 642
1362162950 642
1362163774 642
1362165158 642
1362166042 642
1362228154 642
1362228459 642
1362230453 720
1362230637 720
1362236934 720
1362237549 720
1362237737 782
1362237963 782
1362238411 934
1362240184 885
1362325986 885
1362326100 885
1362326391 885
1362327500 885
1362327619 885
1362328654 885
1362329369 885
1362329537 885
1362329849 887
1362329979 887
1362331410 887
1362331853 887
1362370178 898
1362415841 898
1362416188 898
1362421731 1135
1362422805 1135
1362422964 1135
1362629954 1181
1362630043 1181
1362717246 3025
1362718556 3025
